0.000000 0.000000 
0.031416 0.062791 
0.062832 0.125333 
0.094248 0.187381 
0.125664 0.248690 
0.157080 0.309017 
0.188496 0.368125 
0.219911 0.425779 
0.251327 0.481754 
0.282743 0.535827 
0.314159 0.587785 
0.345575 0.637424 
0.376991 0.684547 
0.408407 0.728969 
0.439823 0.770513 
0.471239 0.809017 
0.502655 0.844328 
0.534071 0.876307 
0.565487 0.904827 
0.596903 0.929776 
0.628318 0.951056 
0.659734 0.968583 
0.691150 0.982287 
0.722566 0.992115 
0.753982 0.998027 
0.785398 1.000000 
0.816814 0.998027 
0.848230 0.992115 
0.879646 0.982287 
0.911062 0.968583 
0.942478 0.951057 
0.973894 0.929777 
1.005310 0.904827 
1.036726 0.876307 
1.068141 0.844328 
1.099557 0.809017 
1.130973 0.770513 
1.162389 0.728969 
1.193805 0.684547 
1.225221 0.637424 
1.256637 0.587785 
1.288053 0.535827 
1.319469 0.481754 
1.350885 0.425779 
1.382301 0.368125 
1.413717 0.309017 
1.445133 0.248690 
1.476549 0.187381 
1.507964 0.125333 
1.539380 0.062791 
1.570796 0.000000 
1.602212 -0.062790 
1.633628 -0.125333 
1.665044 -0.187381 
1.696460 -0.248690 
1.727876 -0.309017 
1.759292 -0.368125 
1.790708 -0.425779 
1.822124 -0.481754 
1.853540 -0.535827 
1.884956 -0.587785 
1.916371 -0.637424 
1.947787 -0.684547 
1.979203 -0.728969 
2.010619 -0.770513 
2.042035 -0.809017 
2.073451 -0.844328 
2.104867 -0.876307 
2.136283 -0.904827 
2.167699 -0.929776 
2.199115 -0.951056 
2.230531 -0.968583 
2.261947 -0.982287 
2.293363 -0.992115 
2.324779 -0.998027 
2.356194 -1.000000 
2.387610 -0.998027 
2.419026 -0.992115 
2.450442 -0.982287 
2.481858 -0.968583 
2.513274 -0.951057 
2.544690 -0.929777 
2.576106 -0.904827 
2.607522 -0.876307 
2.638938 -0.844328 
2.670354 -0.809017 
2.701770 -0.770513 
2.733186 -0.728969 
2.764601 -0.684547 
2.796017 -0.637424 
2.827433 -0.587785 
2.858849 -0.535827 
2.890265 -0.481754 
2.921681 -0.425779 
2.953097 -0.368125 
2.984513 -0.309017 
3.015929 -0.248690 
3.047345 -0.187381 
3.078761 -0.125334 
3.110177 -0.062791 
3.141593 -0.000000 
